service_id,monday,tuesday,wednesday,thursday,friday,saturday,sunday,start_date,end_date
242725051,1,1,1,1,1,0,0,20220404,20220415
242992502,0,0,0,0,0,1,0,20220409,20220409
241339601,0,0,0,0,0,0,1,20220410,20220501
243229503,0,0,0,0,0,1,0,20220416,20220430
242441002,1,1,1,1,1,0,0,20220419,20220429
243522003,1,1,1,1,1,0,0,20220422,20220422
243294504,0,0,0,0,0,1,0,20220423,20220423
243302604,0,0,0,0,0,0,1,20220424,20220424
243277050,1,1,1,1,1,0,0,20220404,20220415
241479500,0,0,0,0,0,1,0,20220409,20220430
241426600,0,0,0,0,0,0,1,20220410,20220501
243550501,0,0,0,0,0,1,0,20220416,20220416
243528601,0,0,0,0,0,0,1,20220417,20220418
241650000,1,1,1,1,1,0,0,20220419,20220429
243278050,1,1,1,1,1,0,0,20220404,20220415
241478500,0,0,0,0,0,1,0,20220409,20220430
241427600,0,0,0,0,0,0,1,20220410,20220501
241651000,1,1,1,1,1,0,0,20220419,20220429
243279050,1,1,1,1,1,0,0,20220404,20220414
241516500,0,0,0,0,0,1,0,20220409,20220430
241428600,0,0,0,0,0,0,1,20220410,20220501
243831051,1,1,1,1,1,0,0,20220415,20220415
243549501,0,0,0,0,0,1,0,20220416,20220416
243527601,0,0,0,0,0,0,1,20220417,20220418
243867001,1,1,1,1,1,0,0,20220419,20220419
241883000,1,1,1,1,1,0,0,20220420,20220429
242912050,1,1,1,1,1,0,0,20220404,20220415
241423500,0,0,0,0,0,1,0,20220409,20220430
241399600,0,0,0,0,0,0,1,20220410,20220501
242077001,1,1,1,1,1,0,0,20220419,20220429
242987050,1,1,1,1,1,0,0,20220404,20220415
242657501,0,0,0,0,0,1,0,20220409,20220430
242634601,0,0,0,0,0,0,1,20220410,20220501
242685001,1,1,1,1,1,0,0,20220419,20220429
243146070,1,1,1,1,1,0,0,20220404,20220414
243835071,1,1,1,1,1,0,0,20220408,20220415
241740501,0,0,0,0,0,1,0,20220409,20220430
241755601,0,0,0,0,0,0,1,20220410,20220501
241784001,1,1,1,1,1,0,0,20220419,20220428
242694002,1,1,1,1,1,0,0,20220422,20220429
243137071,1,1,1,1,1,0,0,20220404,20220415
241637501,0,0,0,0,0,1,0,20220409,20220430
241638601,0,0,0,0,0,0,1,20220410,20220501
241636001,1,1,1,1,1,0,0,20220419,20220429
243322074,1,1,1,1,1,0,0,20220404,20220415
241759501,0,0,0,0,0,1,0,20220409,20220430
241760601,0,0,0,0,0,0,1,20220410,20220501
241758001,1,1,1,1,1,0,0,20220419,20220429
243026070,1,1,1,1,1,0,0,20220404,20220415
241766500,0,0,0,0,0,1,0,20220409,20220430
241764600,0,0,0,0,0,0,1,20220410,20220501
243836601,0,0,0,0,0,0,1,20220418,20220418
241768000,1,1,1,1,1,0,0,20220419,20220429
242988050,1,1,1,1,1,0,0,20220404,20220415
242644501,0,0,0,0,0,1,0,20220409,20220430
242638601,0,0,0,0,0,0,1,20220410,20220501
242679001,1,1,1,1,1,0,0,20220419,20220429
242683071,1,1,1,1,1,0,0,20220420,20220427
243054070,1,1,1,1,1,0,0,20220404,20220415
241648501,0,0,0,0,0,1,0,20220409,20220430
241643601,0,0,0,0,0,0,1,20220410,20220501
241653001,1,1,1,1,1,0,0,20220419,20220429
243319070,1,1,1,1,1,0,0,20220404,20220415
241904501,0,0,0,0,0,1,0,20220409,20220430
241874601,0,0,0,0,0,0,1,20220410,20220501
241916001,1,1,1,1,1,0,0,20220419,20220429
241920031,1,1,1,1,1,0,0,20220420,20220427
243276050,1,1,1,1,1,0,0,20220404,20220415
243076501,0,0,0,0,0,1,0,20220409,20220416
243075601,0,0,0,0,0,0,1,20220410,20220418
241882000,1,1,1,1,1,0,0,20220419,20220429
241517500,0,0,0,0,0,1,0,20220423,20220423
241429600,0,0,0,0,0,0,1,20220424,20220424
244061502,0,0,0,0,0,1,0,20220430,20220430
244045602,0,0,0,0,0,0,1,20220501,20220501
243348070,1,1,1,1,1,0,0,20220404,20220415
242296501,0,0,0,0,0,1,0,20220409,20220430
242293601,0,0,0,0,0,0,1,20220410,20220501
242304001,1,1,1,1,1,0,0,20220419,20220429
243055070,1,1,1,1,1,0,0,20220404,20220415
241897500,0,0,0,0,0,1,0,20220409,20220430
241899600,0,0,0,0,0,0,1,20220410,20220501
241849000,1,1,1,1,1,0,0,20220419,20220429
241895040,1,1,1,1,1,0,0,20220420,20220427
243168070,1,1,1,1,1,0,0,20220404,20220415
241608501,0,0,0,0,0,1,0,20220409,20220430
241604601,0,0,0,0,0,0,1,20220410,20220501
241631001,1,1,1,1,1,0,0,20220419,20220429
243127071,1,1,1,1,1,0,0,20220404,20220415
241778501,0,0,0,0,0,1,0,20220409,20220430
241779601,0,0,0,0,0,0,1,20220410,20220501
241777001,1,1,1,1,1,0,0,20220419,20220429
243016071,1,1,1,1,1,0,0,20220404,20220415
242421500,0,0,0,0,0,1,0,20220409,20220430
242423600,0,0,0,0,0,0,1,20220410,20220501
242419000,1,1,1,1,1,0,0,20220419,20220429
243027070,1,1,1,1,1,0,0,20220404,20220415
241822500,0,0,0,0,0,1,0,20220409,20220430
241820600,0,0,0,0,0,0,1,20220410,20220501
241823000,1,1,1,1,1,0,0,20220419,20220429
243158071,1,1,1,1,1,0,0,20220404,20220415
241879502,0,0,0,0,0,1,0,20220409,20220430
241878601,0,0,0,0,0,0,1,20220410,20220501
241880003,1,1,1,1,1,0,0,20220419,20220429
243239070,1,1,1,1,1,0,0,20220404,20220415
242998502,0,0,0,0,0,1,0,20220409,20220409
242963602,0,0,0,0,0,0,1,20220410,20220410
242415501,0,0,0,0,0,1,0,20220416,20220430
242405601,0,0,0,0,0,0,1,20220417,20220501
242417001,1,1,1,1,1,0,0,20220419,20220429
242890050,1,1,1,1,1,0,0,20220404,20220415
241402500,0,0,0,0,0,1,0,20220409,20220430
241400600,0,0,0,0,0,0,1,20220410,20220501
241421000,1,1,1,1,1,0,0,20220419,20220429
243053070,1,1,1,1,1,0,0,20220404,20220415
241911500,0,0,0,0,0,1,0,20220409,20220430
241913600,0,0,0,0,0,0,1,20220410,20220501
241903000,1,1,1,1,1,0,0,20220419,20220429
243151070,1,1,1,1,1,0,0,20220404,20220415
241756501,0,0,0,0,0,1,0,20220409,20220430
241850601,0,0,0,0,0,0,1,20220410,20220501
241752001,1,1,1,1,1,0,0,20220419,20220429
243024071,1,1,1,1,1,0,0,20220404,20220415
241871501,0,0,0,0,0,1,0,20220409,20220430
241868601,0,0,0,0,0,0,1,20220410,20220501
241873001,1,1,1,1,1,0,0,20220419,20220429
243164070,1,1,1,1,1,0,0,20220404,20220415
241540501,0,0,0,0,0,1,0,20220409,20220430
241537600,0,0,0,0,0,0,1,20220410,20220501
241826001,1,1,1,1,1,0,0,20220419,20220429
241828031,1,1,1,1,1,0,0,20220420,20220427
243056071,1,1,1,1,1,0,0,20220404,20220414
243071081,1,1,1,1,1,0,0,20220408,20220415
241613501,0,0,0,0,0,1,0,20220409,20220416
241634601,0,0,0,0,0,0,1,20220410,20220418
243869002,1,1,1,1,1,0,0,20220419,20220428
243903032,1,1,1,1,1,0,0,20220420,20220427
243919052,1,1,1,1,1,0,0,20220422,20220429
243969502,0,0,0,0,0,1,0,20220423,20220430
244007602,0,0,0,0,0,0,1,20220424,20220501
242937071,1,1,1,1,1,0,0,20220404,20220415
241440501,0,0,0,0,0,1,0,20220409,20220430
241441601,0,0,0,0,0,0,1,20220410,20220501
241304001,1,1,1,1,1,0,0,20220419,20220429
243042071,1,1,1,1,1,0,0,20220404,20220415
241815501,0,0,0,0,0,1,0,20220409,20220430
241754601,0,0,0,0,0,0,1,20220410,20220501
241852600,0,0,0,0,0,0,1,20220418,20220418
241818001,1,1,1,1,1,0,0,20220419,20220429
241831031,1,1,1,1,1,0,0,20220420,20220427
243342071,1,1,1,1,1,0,0,20220404,20220415
241431501,0,0,0,0,0,1,0,20220409,20220416
241417601,0,0,0,0,0,0,1,20220410,20220418
243900002,1,1,1,1,1,0,0,20220419,20220429
243902032,1,1,1,1,1,0,0,20220420,20220427
243907502,0,0,0,0,0,1,0,20220423,20220430
243911602,0,0,0,0,0,0,1,20220424,20220501
243350072,1,1,1,1,1,0,0,20220404,20220415
241394501,0,0,0,0,0,1,0,20220409,20220430
241379601,0,0,0,0,0,0,1,20220410,20220501
241381001,1,1,1,1,1,0,0,20220419,20220429
241390031,1,1,1,1,1,0,0,20220420,20220427
243104050,1,1,1,1,1,0,0,20220404,20220415
242661501,0,0,0,0,0,1,0,20220409,20220430
242597601,0,0,0,0,0,0,1,20220410,20220501
242687001,1,1,1,1,1,0,0,20220419,20220429
242736071,1,1,1,1,1,0,0,20220420,20220427
243272071,1,1,1,1,1,0,0,20220404,20220415
241611501,0,0,0,0,0,1,0,20220409,20220430
241612601,0,0,0,0,0,0,1,20220410,20220501
241602001,1,1,1,1,1,0,0,20220419,20220429
242972071,1,1,1,1,1,0,0,20220404,20220415
241457501,0,0,0,0,0,1,0,20220409,20220430
241460601,0,0,0,0,0,0,1,20220410,20220501
241455001,1,1,1,1,1,0,0,20220419,20220429
241456031,1,1,1,1,1,0,0,20220420,20220427
243328072,1,1,1,1,1,0,0,20220404,20220415
243364502,0,0,0,0,0,1,0,20220409,20220430
243416602,0,0,0,0,0,0,1,20220410,20220501
243898002,1,1,1,1,1,0,0,20220419,20220429
243918032,1,1,1,1,1,0,0,20220420,20220427
243224050,1,1,1,1,1,0,0,20220404,20220415
243006502,0,0,0,0,0,1,0,20220409,20220416
242954603,0,0,0,0,0,0,1,20220410,20220418
242636001,1,1,1,1,1,0,0,20220419,20220429
242642501,0,0,0,0,0,1,0,20220423,20220430
242690602,0,0,0,0,0,0,1,20220424,20220501
242947071,1,1,1,1,1,0,0,20220404,20220415
241481501,0,0,0,0,0,1,0,20220409,20220430
241482601,0,0,0,0,0,0,1,20220410,20220501
241480001,1,1,1,1,1,0,0,20220419,20220429
242964071,1,1,1,1,1,0,0,20220404,20220415
241452001,1,1,1,1,1,0,0,20220419,20220429
243147071,1,1,1,1,1,0,0,20220404,20220414
243569072,1,1,1,1,1,0,0,20220408,20220415
241732501,0,0,0,0,0,1,0,20220409,20220430
241742601,0,0,0,0,0,0,1,20220410,20220501
241727001,1,1,1,1,1,0,0,20220419,20220429
243186070,1,1,1,1,1,0,0,20220404,20220415
243061502,0,0,0,0,0,1,0,20220409,20220409
243059602,0,0,0,0,0,0,1,20220410,20220410
241303501,0,0,0,0,0,1,0,20220416,20220430
241295601,0,0,0,0,0,0,1,20220417,20220501
243838603,0,0,0,0,0,0,1,20220418,20220418
241721001,1,1,1,1,1,0,0,20220419,20220429
243049070,1,1,1,1,1,0,0,20220404,20220415
243010502,0,0,0,0,0,1,0,20220409,20220409
243012602,0,0,0,0,0,0,1,20220410,20220410
241804501,0,0,0,0,0,1,0,20220416,20220430
241801601,0,0,0,0,0,0,1,20220417,20220501
243856603,0,0,0,0,0,0,1,20220418,20220418
241807001,1,1,1,1,1,0,0,20220419,20220429
241806031,1,1,1,1,1,0,0,20220420,20220427
243308070,1,1,1,1,1,0,0,20220404,20220415
242039500,0,0,0,0,0,1,0,20220409,20220430
242041600,0,0,0,0,0,0,1,20220410,20220501
241922000,1,1,1,1,1,0,0,20220419,20220429
243214070,1,1,1,1,1,0,0,20220404,20220415
241866501,0,0,0,0,0,1,0,20220409,20220430
241829601,0,0,0,0,0,0,1,20220410,20220501
241869001,1,1,1,1,1,0,0,20220419,20220429
243344070,1,1,1,1,1,0,0,20220404,20220415
243442502,0,0,0,0,0,1,0,20220409,20220430
243444602,0,0,0,0,0,0,1,20220410,20220501
243947002,1,1,1,1,1,0,0,20220419,20220429
243262070,1,1,1,1,1,0,0,20220404,20220415
243198502,0,0,0,0,0,1,0,20220409,20220430
243200602,0,0,0,0,0,0,1,20220410,20220417
244010603,0,0,0,0,0,0,1,20220418,20220501
243949003,1,1,1,1,1,0,0,20220419,20220429
244003033,1,1,1,1,1,0,0,20220420,20220427
243227070,1,1,1,1,1,0,0,20220404,20220415
241923501,0,0,0,0,0,1,0,20220409,20220430
241924601,0,0,0,0,0,0,1,20220410,20220501
243959002,1,1,1,1,1,0,0,20220419,20220429
244012032,1,1,1,1,1,0,0,20220420,20220427
243037071,1,1,1,1,1,0,0,20220404,20220415
241876001,1,1,1,1,1,0,0,20220419,20220429
243182070,1,1,1,1,1,0,0,20220404,20220415
243235071,1,1,1,1,1,0,0,20220407,20220414
242976501,0,0,0,0,0,1,0,20220409,20220409
242978601,0,0,0,0,0,0,1,20220410,20220410
241333500,0,0,0,0,0,1,0,20220416,20220430
241335600,0,0,0,0,0,0,1,20220417,20220501
241317000,1,1,1,1,1,0,0,20220419,20220429
241319060,1,1,1,1,1,0,0,20220421,20220428
243030070,1,1,1,1,1,0,0,20220404,20220415
241661500,0,0,0,0,0,1,0,20220409,20220430
241662600,0,0,0,0,0,0,1,20220410,20220501
241660000,1,1,1,1,1,0,0,20220419,20220429
243081071,1,1,1,1,1,0,0,20220404,20220415
241326501,0,0,0,0,0,1,0,20220409,20220430
241312601,0,0,0,0,0,0,1,20220410,20220501
241315001,1,1,1,1,1,0,0,20220419,20220429
243362071,1,1,1,1,1,0,0,20220404,20220415
241892501,0,0,0,0,0,1,0,20220409,20220430
241890601,0,0,0,0,0,0,1,20220410,20220501
241901001,1,1,1,1,1,0,0,20220419,20220429
243312071,1,1,1,1,1,0,0,20220404,20220415
241433501,0,0,0,0,0,1,0,20220409,20220430
241302601,0,0,0,0,0,0,1,20220410,20220501
241434001,1,1,1,1,1,0,0,20220419,20220429
241574031,1,1,1,1,1,0,0,20220420,20220427
243866502,0,0,0,0,0,1,0,20220423,20220423
243889602,0,0,0,0,0,0,1,20220424,20220424
243314070,1,1,1,1,1,0,0,20220404,20220415
241833500,0,0,0,0,0,1,0,20220409,20220430
241386000,1,1,1,1,1,0,0,20220419,20220429
243139071,1,1,1,1,1,0,0,20220404,20220415
241314001,1,1,1,1,1,0,0,20220419,20220429
243324070,1,1,1,1,1,0,0,20220404,20220415
241964501,0,0,0,0,0,1,0,20220409,20220430
241962601,0,0,0,0,0,0,1,20220410,20220501
242985002,1,1,1,1,1,0,0,20220419,20220429
243354070,1,1,1,1,1,0,0,20220404,20220415
242403500,0,0,0,0,0,1,0,20220409,20220430
242413600,0,0,0,0,0,0,1,20220410,20220501
243840601,0,0,0,0,0,0,1,20220418,20220418
242287000,1,1,1,1,1,0,0,20220419,20220429
242562030,1,1,1,1,1,0,0,20220420,20220427
243029050,1,1,1,1,1,0,0,20220404,20220415
243339502,0,0,0,0,0,1,0,20220409,20220409
243341602,0,0,0,0,0,0,1,20220410,20220410
243352503,0,0,0,0,0,1,0,20220416,20220430
243356603,0,0,0,0,0,0,1,20220417,20220501
243360001,1,1,1,1,1,0,0,20220419,20220429
243100050,1,1,1,1,1,0,0,20220404,20220415
243335501,0,0,0,0,0,1,0,20220409,20220430
243337601,0,0,0,0,0,0,1,20220410,20220501
243358001,1,1,1,1,1,0,0,20220419,20220429
243020071,1,1,1,1,1,0,0,20220404,20220415
241514501,0,0,0,0,0,1,0,20220409,20220430
241518601,0,0,0,0,0,0,1,20220410,20220501
241489001,1,1,1,1,1,0,0,20220419,20220429
243035071,1,1,1,1,1,0,0,20220404,20220415
241842502,0,0,0,0,0,1,0,20220409,20220430
241843601,0,0,0,0,0,0,1,20220410,20220501
241844002,1,1,1,1,1,0,0,20220419,20220429
243166071,1,1,1,1,1,0,0,20220404,20220415
242301501,0,0,0,0,0,1,0,20220409,20220430
242302601,0,0,0,0,0,0,1,20220410,20220501
242300001,1,1,1,1,1,0,0,20220419,20220429
243326071,1,1,1,1,1,0,0,20220404,20220415
241861501,0,0,0,0,0,1,0,20220409,20220430
241859601,0,0,0,0,0,0,1,20220410,20220501
241860001,1,1,1,1,1,0,0,20220419,20220429
243330071,1,1,1,1,1,0,0,20220404,20220415
241958501,0,0,0,0,0,1,0,20220409,20220430
241960601,0,0,0,0,0,0,1,20220410,20220501
241959001,1,1,1,1,1,0,0,20220419,20220429
243133071,1,1,1,1,1,0,0,20220404,20220415
241836501,0,0,0,0,0,1,0,20220409,20220430
241837601,0,0,0,0,0,0,1,20220410,20220501
241835001,1,1,1,1,1,0,0,20220419,20220429
242930050,1,1,1,1,1,0,0,20220404,20220415
242716501,0,0,0,0,0,1,0,20220409,20220409
242714601,0,0,0,0,0,0,1,20220410,20220410
243537503,0,0,0,0,0,1,0,20220416,20220416
243536603,0,0,0,0,0,0,1,20220417,20220418
241575000,1,1,1,1,1,0,0,20220419,20220429
241432500,0,0,0,0,0,1,0,20220423,20220423
241398600,0,0,0,0,0,0,1,20220424,20220424
243205502,0,0,0,0,0,1,0,20220430,20220430
243203602,0,0,0,0,0,0,1,20220501,20220501
242915050,1,1,1,1,1,0,0,20220404,20220415
241424500,0,0,0,0,0,1,0,20220409,20220423
241397600,0,0,0,0,0,0,1,20220410,20220424
241541000,1,1,1,1,1,0,0,20220419,20220429
243265501,0,0,0,0,0,1,0,20220430,20220430
243264601,0,0,0,0,0,0,1,20220501,20220501
243144071,1,1,1,1,1,0,0,20220404,20220415
241972501,0,0,0,0,0,1,0,20220409,20220430
241915601,0,0,0,0,0,0,1,20220410,20220501
241970600,0,0,0,0,0,0,1,20220418,20220418
242281001,1,1,1,1,1,0,0,20220419,20220429
242952050,1,1,1,1,1,0,0,20220404,20220415
241447500,0,0,0,0,0,1,0,20220409,20220430
241445600,0,0,0,0,0,0,1,20220410,20220501
242647001,1,1,1,1,1,0,0,20220419,20220429
243365081,1,1,1,1,1,0,0,20220408,20220415
242445501,0,0,0,0,0,1,0,20220409,20220430
242439001,1,1,1,1,1,0,0,20220422,20220429
243366081,1,1,1,1,1,0,0,20220408,20220415
242552501,0,0,0,0,0,1,0,20220409,20220430
242549001,1,1,1,1,1,0,0,20220422,20220429
243260070,1,1,1,1,1,0,0,20220408,20220415
243008501,0,0,0,0,0,1,0,20220409,20220409
242451500,0,0,0,0,0,1,0,20220416,20220430
242449000,1,1,1,1,1,0,0,20220422,20220429
243394081,1,1,1,1,1,0,0,20220408,20220415
243002502,0,0,0,0,0,1,0,20220409,20220409
241856501,0,0,0,0,0,1,0,20220416,20220430
241857001,1,1,1,1,1,0,0,20220422,20220429
243367081,1,1,1,1,1,0,0,20220408,20220415
242437501,0,0,0,0,0,1,0,20220409,20220416
244134052,1,1,1,1,1,0,0,20220422,20220429
244132502,0,0,0,0,0,1,0,20220423,20220430
243368081,1,1,1,1,1,0,0,20220408,20220415
241955501,0,0,0,0,0,1,0,20220409,20220430
241956001,1,1,1,1,1,0,0,20220422,20220429
243089081,1,1,1,1,1,0,0,20220408,20220415
241571501,0,0,0,0,0,1,0,20220409,20220430
241570001,1,1,1,1,1,0,0,20220422,20220429
241328001,1,1,1,1,1,0,0,20220404,20220429
241329001,1,1,1,1,1,0,0,20220404,20220429
241331501,0,0,0,0,0,1,0,20220409,20220430
241330001,1,1,1,1,1,0,0,20220419,20220429
243445071,1,1,1,1,1,0,0,20220404,20220415
242432501,0,0,0,0,0,1,0,20220409,20220430
242433601,0,0,0,0,0,0,1,20220410,20220501
243961003,1,1,1,1,1,0,0,20220419,20220429
243553501,0,0,0,0,0,1,0,20220416,20220416
243440071,1,1,1,1,1,0,0,20220404,20220415
242943502,0,0,0,0,0,1,0,20220409,20220409
242923601,0,0,0,0,0,0,1,20220410,20220410
243087503,0,0,0,0,0,1,0,20220416,20220416
243091602,0,0,0,0,0,0,1,20220417,20220418
243916003,1,1,1,1,1,0,0,20220419,20220429
244094505,0,0,0,0,0,1,0,20220423,20220423
244096604,0,0,0,0,0,0,1,20220424,20220424
243951504,0,0,0,0,0,1,0,20220430,20220430
243909603,0,0,0,0,0,0,1,20220501,20220501
243554501,0,0,0,0,0,1,0,20220416,20220416
243532601,0,0,0,0,0,0,1,20220417,20220418
241325001,1,1,1,1,1,0,0,20220420,20220426
241323501,0,0,0,0,0,1,0,20220423,20220430
